0 4 0 8 8
0 4 1 6 2
0 4 2 8 10
0 4 3 0 1
0 5 0 7 499
0 5 1 8 4
0 5 2 8 176
0 5 3 2 86
0 5 4 4 64
0 6 0 5 343
0 6 1 8 36
0 6 2 2 153
0 6 3 4 45
0 6 4 4 174
0 7 0 5 259
0 7 1 3 14
0 7 2 3 31
0 7 3 3 26
0 7 4 3 52
0 8 0 6 82
0 8 1 3 114
0 8 2 1 454
0 8 3 3 243
0 8 4 3 72
0 9 0 2 1
0 9 3 1 348
1 3 2 8 1
1 4 0 7 1
1 4 1 8 88
1 4 2 8 97
1 4 3 8 6
1 4 4 2 1
1 5 0 7 212
1 5 1 5 2
1 5 2 2 3
1 5 3 2 47
1 5 4 4 350
1 6 0 5 49
1 6 1 8 11
1 6 2 2 9
1 6 3 6 6
1 6 4 6 17
1 6 5 6 5
1 7 0 5 36
1 7 1 2 35
1 7 2 0 15
1 7 3 0 103
1 7 4 0 383
1 8 0 2 2
1 8 1 0 141
1 8 2 3 90
1 8 3 3 74
1 8 4 3 74
2 4 1 8 160
2 4 2 8 222
2 4 3 8 10
2 4 4 8 2
2 5 0 9 168
2 5 1 9 235
2 5 3 8 3
2 5 4 2 51
2 6 0 9 23
2 6 1 9 50
2 6 2 9 16
2 6 3 9 3
2 6 4 0 14
2 6 5 2 1
2 7 0 5 43
2 7 1 5 33
2 7 2 9 7
2 7 3 6 9
2 7 4 0 21
2 8 1 6 1
2 8 2 6 2
2 8 3 0 5
3 5 1 9 45
3 6 0 8 1
3 6 1 9 224
3 6 2 9 157
